0 1 21 351 
0 1 23 354 
0 1 32 47 
0 1 32 98 
0 1 40 300 
0 1 42 438 
0 1 55 75 
0 1 65 95 
0 1 66 472 
0 1 69 479 
0 1 70 95 
0 1 80 24 
0 1 80 207 
0 1 87 213 
0 1 95 392 
0 1 96 149 
0 1 111 394 
0 1 134 90 
0 1 218 473 
0 1 219 32 
0 1 219 34 
0 1 219 36 
0 1 232 27 
0 1 235 80 
0 1 353 410 
0 1 404 350 
0 1 413 151 
0 1 423 346 
0 1 439 103 
0 1 455 212 
0 2 24 26 
0 2 37 37 
0 2 58 144 
0 2 61 144 
0 2 61 415 
0 2 71 416 
0 2 72 208 
0 2 72 212 
0 2 72 282 
0 2 77 103 
0 2 78 89 
0 2 80 115 
0 2 93 227 
0 2 117 95 
0 2 176 12 
0 2 182 96 
0 2 224 25 
0 2 231 31 
0 2 246 58 
0 2 247 101 
0 2 287 141 
0 2 312 286 
0 2 346 74 
0 2 429 377 
0 2 468 192 
1 1 32 176 
2 1 32 34 
