0 0 344 52 
0 0 497 489 
0 0 519 523 
0 0 680 597 
0 1 231 265 
0 1 265 266 
0 1 267 264 
0 1 285 335 
0 1 288 223 
0 1 295 340 
0 1 312 847 
0 1 318 844 
0 1 368 879 
0 1 386 120 
0 1 387 151 
0 1 415 439 
0 1 431 112 
0 1 439 453 
0 1 447 419 
0 1 447 423 
0 1 487 435 
0 1 491 570 
0 1 501 511 
0 1 506 152 
0 1 511 272 
0 1 511 885 
0 1 516 374 
0 1 519 403 
0 1 520 160 
0 1 520 163 
0 1 527 160 
0 1 528 476 
0 1 551 102 
0 1 568 146 
0 1 591 686 
0 1 601 680 
0 1 674 538 
0 1 693 258 
0 1 700 573 
0 2 257 818 
0 2 262 818 
0 2 291 248 
0 2 294 255 
0 2 301 263 
0 2 320 336 
0 2 342 344 
0 2 344 133 
0 2 352 77 
0 2 391 364 
0 2 513 406 
0 2 514 296 
0 2 528 891 
0 2 559 602 
0 2 560 392 
0 2 568 146 
0 2 606 764 
0 2 639 242 
0 2 659 560 
1 1 75 198 
1 1 79 199 
1 1 80 382 
1 1 87 382 
1 1 140 119 
1 1 210 165 
1 1 279 347 
1 2 135 105 
1 2 136 415 
1 2 160 428 
1 2 254 420 
1 2 261 82 
2 0 31 178 
2 1 23 141 
2 1 72 211 
2 1 96 117 
3 1 72 70 
